# PRIMAT v0.2.2, 23 June 2023 - Tabulated Rate
# TALYS2: Goriely et al. A&A 487 (2008), 767
    0.0010    1.0000E-35    1.0000E+02
    0.0020    7.8413E-35    1.0000E+02
    0.0030    1.6945E-33    1.0000E+02
    0.0040    1.0092E-31    1.0000E+02
    0.0050    1.6565E-29    1.0000E+02
    0.0060    3.3920E-27    1.0000E+02
    0.0070    7.7609E-25    1.0000E+02
    0.0080    1.9841E-22    1.0000E+02
    0.0090    5.6676E-20    1.0000E+02
    0.0100    1.8090E-17    1.0000E+02
    0.0110    3.3935E-16    1.0000E+02
    0.0120    5.6829E-15    1.0000E+02
    0.0130    8.4956E-14    1.0000E+02
    0.0140    1.1338E-12    1.0000E+02
    0.0150    1.3507E-11    1.0000E+02
    0.0160    1.4364E-10    1.0000E+02
    0.0180    1.1557E-08    1.0000E+02
    0.0200    5.9051E-07    1.0000E+02
    0.0250    1.5118E-03    1.0000E+02
    0.0300    2.2663E-01    1.0000E+02
    0.0400    1.0226E+00    1.0000E+02
    0.0500    5.4251E-05    1.0000E+02
    0.0600    1.0359E-03    1.0000E+02
    0.0700    9.7493E-03    1.0000E+02
    0.0800    4.5228E-02    1.0000E+02
    0.0900    1.0342E-01    1.0000E+02
    0.1000    1.1657E-01    1.0000E+02
    0.1100    3.0162E-01    1.0000E+02
    0.1200    7.0086E-01    1.0000E+02
    0.1300    1.4626E+00    1.0000E+02
    0.1400    2.7410E+00    1.0000E+02
    0.1500    4.6135E+00    1.0000E+02
    0.1600    7.9316E+00    1.0000E+02
    0.1800    2.0720E+01    1.0000E+02
    0.2000    4.5909E+01    1.0000E+02
    0.2500    2.3197E+02    1.0000E+02
    0.3000    7.8980E+02    1.0000E+02
    0.3500    2.0879E+03    1.0000E+02
    0.4000    4.6062E+03    1.0000E+02
    0.4500    8.9893E+03    1.0000E+02
    0.5000    1.5795E+04    1.0000E+02
    0.6000    3.9782E+04    1.0000E+02
    0.7000    8.2132E+04    1.0000E+02
    0.8000    1.4782E+05    1.0000E+02
    0.9000    2.4080E+05    1.0000E+02
    1.0000    3.6390E+05    1.0000E+02
    1.2500    8.1142E+05    1.0000E+02
    1.5000    1.4627E+06    1.0000E+02
    1.7500    2.3153E+06    1.0000E+02
    2.0000    3.2963E+06    1.0000E+02
    2.5000    5.6754E+06    1.0000E+02
    3.0000    8.4221E+06    1.0000E+02
    3.5000    1.1407E+07    1.0000E+02
    4.0000    1.4545E+07    1.0000E+02
    5.0000    2.1074E+07    1.0000E+02
    6.0000    2.7771E+07    1.0000E+02
    7.0000    3.4545E+07    1.0000E+02
    8.0000    4.1361E+07    1.0000E+02
    9.0000    4.8202E+07    1.0000E+02
   10.0000    5.5046E+07    1.0000E+02
