# PRIMAT v0.2.2, 23 June 2023 - Tabulated Rate
# TALYS2: Goriely et al. A&A 487 (2008), 767
    0.0010    8.2011E+08    1.0000E+02
    0.0020    8.0668E+08    1.0000E+02
    0.0030    8.0360E+08    1.0000E+02
    0.0040    8.1077E+08    1.0000E+02
    0.0050    8.2845E+08    1.0000E+02
    0.0060    8.2293E+08    1.0000E+02
    0.0070    8.1654E+08    1.0000E+02
    0.0080    8.0928E+08    1.0000E+02
    0.0090    8.0120E+08    1.0000E+02
    0.0100    7.9230E+08    1.0000E+02
    0.0110    7.8816E+08    1.0000E+02
    0.0120    7.8416E+08    1.0000E+02
    0.0130    7.8032E+08    1.0000E+02
    0.0140    7.7662E+08    1.0000E+02
    0.0150    7.7307E+08    1.0000E+02
    0.0160    7.6967E+08    1.0000E+02
    0.0180    7.6327E+08    1.0000E+02
    0.0200    7.5744E+08    1.0000E+02
    0.0250    7.4519E+08    1.0000E+02
    0.0300    7.3618E+08    1.0000E+02
    0.0400    7.2744E+08    1.0000E+02
    0.0500    7.3079E+08    1.0000E+02
    0.0600    7.2173E+08    1.0000E+02
    0.0700    7.1386E+08    1.0000E+02
    0.0800    7.0712E+08    1.0000E+02
    0.0900    7.0149E+08    1.0000E+02
    0.1000    6.9694E+08    1.0000E+02
    0.1100    6.9177E+08    1.0000E+02
    0.1200    6.8696E+08    1.0000E+02
    0.1300    6.8252E+08    1.0000E+02
    0.1400    6.7843E+08    1.0000E+02
    0.1500    6.7470E+08    1.0000E+02
    0.1600    6.7119E+08    1.0000E+02
    0.1800    6.6480E+08    1.0000E+02
    0.2000    6.5924E+08    1.0000E+02
    0.2500    6.4751E+08    1.0000E+02
    0.3000    6.3765E+08    1.0000E+02
    0.3500    6.2873E+08    1.0000E+02
    0.4000    6.2050E+08    1.0000E+02
    0.4500    6.1275E+08    1.0000E+02
    0.5000    6.0550E+08    1.0000E+02
    0.6000    5.9231E+08    1.0000E+02
    0.7000    5.8079E+08    1.0000E+02
    0.8000    5.7073E+08    1.0000E+02
    0.9000    5.6190E+08    1.0000E+02
    1.0000    5.5411E+08    1.0000E+02
    1.2500    5.3829E+08    1.0000E+02
    1.5000    5.2610E+08    1.0000E+02
    1.7500    5.1652E+08    1.0000E+02
    2.0000    5.0899E+08    1.0000E+02
    2.5000    4.9769E+08    1.0000E+02
    3.0000    4.8987E+08    1.0000E+02
    3.5000    4.8434E+08    1.0000E+02
    4.0000    4.8046E+08    1.0000E+02
    5.0000    4.7619E+08    1.0000E+02
    6.0000    4.7511E+08    1.0000E+02
    7.0000    4.7608E+08    1.0000E+02
    8.0000    4.7834E+08    1.0000E+02
    9.0000    4.8136E+08    1.0000E+02
   10.0000    4.8476E+08    1.0000E+02
