# PRIMAT v0.2.2, 23 June 2023 - Tabulated Rate
# TALYS2: Goriely et al. A&A 487 (2008), 767
    0.0010    8.1654E+07    1.0000E+02
    0.0020    8.0326E+07    1.0000E+02
    0.0030    8.0029E+07    1.0000E+02
    0.0040    8.0752E+07    1.0000E+02
    0.0050    8.2523E+07    1.0000E+02
    0.0060    8.1983E+07    1.0000E+02
    0.0070    8.1355E+07    1.0000E+02
    0.0080    8.0641E+07    1.0000E+02
    0.0090    7.9844E+07    1.0000E+02
    0.0100    7.8966E+07    1.0000E+02
    0.0110    7.8562E+07    1.0000E+02
    0.0120    7.8174E+07    1.0000E+02
    0.0130    7.7799E+07    1.0000E+02
    0.0140    7.7440E+07    1.0000E+02
    0.0150    7.7095E+07    1.0000E+02
    0.0160    7.6764E+07    1.0000E+02
    0.0180    7.6144E+07    1.0000E+02
    0.0200    7.5580E+07    1.0000E+02
    0.0250    7.4401E+07    1.0000E+02
    0.0300    7.3545E+07    1.0000E+02
    0.0400    7.2759E+07    1.0000E+02
    0.0500    7.3182E+07    1.0000E+02
    0.0600    7.2359E+07    1.0000E+02
    0.0700    7.1653E+07    1.0000E+02
    0.0800    7.1059E+07    1.0000E+02
    0.0900    7.0575E+07    1.0000E+02
    0.1000    7.0199E+07    1.0000E+02
    0.1100    6.9759E+07    1.0000E+02
    0.1200    6.9355E+07    1.0000E+02
    0.1300    6.8987E+07    1.0000E+02
    0.1400    6.8655E+07    1.0000E+02
    0.1500    6.8357E+07    1.0000E+02
    0.1600    6.8082E+07    1.0000E+02
    0.1800    6.7594E+07    1.0000E+02
    0.2000    6.7186E+07    1.0000E+02
    0.2500    6.6377E+07    1.0000E+02
    0.3000    6.5738E+07    1.0000E+02
    0.3500    6.5179E+07    1.0000E+02
    0.4000    6.4677E+07    1.0000E+02
    0.4500    6.4213E+07    1.0000E+02
    0.5000    6.3790E+07    1.0000E+02
    0.6000    6.3060E+07    1.0000E+02
    0.7000    6.2478E+07    1.0000E+02
    0.8000    6.2027E+07    1.0000E+02
    0.9000    6.1688E+07    1.0000E+02
    1.0000    6.1444E+07    1.0000E+02
    1.2500    6.1162E+07    1.0000E+02
    1.5000    6.1217E+07    1.0000E+02
    1.7500    6.1525E+07    1.0000E+02
    2.0000    6.2041E+07    1.0000E+02
    2.5000    6.3487E+07    1.0000E+02
    3.0000    6.5343E+07    1.0000E+02
    3.5000    6.7503E+07    1.0000E+02
    4.0000    6.9917E+07    1.0000E+02
    5.0000    7.5418E+07    1.0000E+02
    6.0000    8.1730E+07    1.0000E+02
    7.0000    8.8747E+07    1.0000E+02
    8.0000    9.6335E+07    1.0000E+02
    9.0000    1.0434E+08    1.0000E+02
   10.0000    1.1262E+08    1.0000E+02
