# PRIMAT v0.2.2, 23 June 2023 - Tabulated Rate
# TALYS2: Goriely et al. A&A 487 (2008), 767
    0.0010    1.0000E-35    1.0000E+02
    0.0020    1.9654E-35    1.0000E+02
    0.0030    8.7357E-35    1.0000E+02
    0.0040    8.7811E-34    1.0000E+02
    0.0050    1.9962E-32    1.0000E+02
    0.0060    2.5872E-30    1.0000E+02
    0.0070    4.4814E-28    1.0000E+02
    0.0080    1.0374E-25    1.0000E+02
    0.0090    3.2096E-23    1.0000E+02
    0.0100    1.3271E-20    1.0000E+02
    0.0110    2.4771E-19    1.0000E+02
    0.0120    4.1398E-18    1.0000E+02
    0.0130    6.1948E-17    1.0000E+02
    0.0140    8.2999E-16    1.0000E+02
    0.0150    9.9569E-15    1.0000E+02
    0.0160    1.0695E-13    1.0000E+02
    0.0180    8.8571E-12    1.0000E+02
    0.0200    4.7143E-10    1.0000E+02
    0.0250    1.4086E-06    1.0000E+02
    0.0300    2.6560E-04    1.0000E+02
    0.0400    2.3733E-03    1.0000E+02
    0.0500    3.3633E-07    1.0000E+02
    0.0600    8.4374E-06    1.0000E+02
    0.0700    9.9361E-05    1.0000E+02
    0.0800    5.4926E-04    1.0000E+02
    0.0900    1.4252E-03    1.0000E+02
    0.1000    1.7360E-03    1.0000E+02
    0.1100    5.0101E-03    1.0000E+02
    0.1200    1.2828E-02    1.0000E+02
    0.1300    2.9140E-02    1.0000E+02
    0.1400    5.8729E-02    1.0000E+02
    0.1500    1.0501E-01    1.0000E+02
    0.1600    1.9224E-01    1.0000E+02
    0.1800    5.6144E-01    1.0000E+02
    0.2000    1.3650E+00    1.0000E+02
    0.2500    8.3397E+00    1.0000E+02
    0.3000    3.2825E+01    1.0000E+02
    0.3500    9.7483E+01    1.0000E+02
    0.4000    2.3673E+02    1.0000E+02
    0.4500    5.0166E+02    1.0000E+02
    0.5000    9.4609E+02    1.0000E+02
    0.6000    2.6847E+03    1.0000E+02
    0.7000    6.1116E+03    1.0000E+02
    0.8000    1.1947E+04    1.0000E+02
    0.9000    2.0905E+04    1.0000E+02
    1.0000    3.3646E+04    1.0000E+02
    1.2500    8.5435E+04    1.0000E+02
    1.5000    1.7068E+05    1.0000E+02
    1.7500    2.9381E+05    1.0000E+02
    2.0000    4.4775E+05    1.0000E+02
    2.5000    8.5706E+05    1.0000E+02
    3.0000    1.3726E+06    1.0000E+02
    3.5000    1.9659E+06    1.0000E+02
    4.0000    2.6126E+06    1.0000E+02
    5.0000    3.9948E+06    1.0000E+02
    6.0000    5.4214E+06    1.0000E+02
    7.0000    6.8461E+06    1.0000E+02
    8.0000    8.2531E+06    1.0000E+02
    9.0000    9.6433E+06    1.0000E+02
   10.0000    1.1026E+07    1.0000E+02
