# PRIMAT v0.2.2, 23 June 2023 - Tabulated Rate
# >= 0.05 GK: Rijal et al. PRL 122 (2019) 182701 arXiv:1808.07893v1
# < 0.05 GK: Caughlan & Fowler At. Data Nucl. Data Tables, 40 (1988), 283

     0.001    1.1357E-40    3.0000E+00
     0.002    9.7591E-30    3.0000E+00
     0.003    1.9397E-24    3.0000E+00
     0.004    4.2310E-21    3.0000E+00
     0.005    9.9804E-19    3.0000E+00
     0.006    6.4197E-17    3.0000E+00
     0.007    1.7807E-15    3.0000E+00
     0.008    2.7559E-14    3.0000E+00
     0.009    2.7872E-13    3.0000E+00
     0.010    2.0424E-12    3.0000E+00
     0.011    1.1640E-11    3.0000E+00
     0.012    5.4270E-11    3.0000E+00
     0.013    2.1482E-10    3.0000E+00
     0.014    7.4254E-10    3.0000E+00
     0.015    2.2903E-09    3.0000E+00
     0.016    6.4120E-09    3.0000E+00
     0.018    3.9587E-08    3.0000E+00
     0.020    1.8958E-07    3.0000E+00
     0.025    4.3505E-06    3.0000E+00
     0.030    4.7223E-05    3.0000E+00
     0.040    1.5108E-03    3.0000E+00
     0.0500    8.2400E-03    2.5601E+00
     0.0600    5.3600E-02    2.5523E+00
     0.0700    2.3800E-01    2.5373E+00
     0.0900    2.2900E+00    2.5107E+00
     0.1000    5.6000E+00    2.5026E+00
     0.1100    1.2200E+01    2.4922E+00
     0.1200    2.4300E+01    2.4790E+00
     0.1300    4.5000E+01    2.4729E+00
     0.1400    7.8300E+01    2.4569E+00
     0.1500    1.2973E+02    2.4496E+00
     0.1600    2.0600E+02    2.4484E+00
     0.1800    4.6500E+02    2.4567E+00
     0.2000    9.4200E+02    2.4682E+00
     0.2500    3.9581E+03    2.6122E+00
     0.3000    1.2300E+04    2.8364E+00
     0.3500    3.1300E+04    3.0233E+00
     0.4000    6.9000E+04    3.1350E+00
     0.4500    1.3500E+05    3.1569E+00
     0.5000    2.3900E+05    3.1326E+00
     0.6000    5.9500E+05    2.9841E+00
     0.7000    1.1900E+06    2.8159E+00
     0.8000    2.0400E+06    2.6493E+00
     0.9000    3.1700E+06    2.5131E+00
     1.0000    4.5800E+06    2.3846E+00
     1.2500    9.4785E+06    2.1318E+00
     1.5000    1.6362E+07    1.9569E+00
     1.7500    2.5050E+07    1.8312E+00
     2.0000    3.5400E+07    1.7452E+00
     2.5000    5.9398E+07    1.6330E+00
     3.0000    8.5800E+07    1.5680E+00
     3.5000    1.1200E+08    1.5286E+00
     4.0000    1.3700E+08    1.5033E+00
     5.0000    1.8200E+08    1.4700E+00
     6.0000    2.1600E+08    1.4590E+00
     7.0000    2.4200E+08    1.4476E+00
     8.0000    2.6100E+08    1.4412E+00
     9.0000    2.7300E+08    1.4360E+00
     10.0000    2.8100E+08    1.4375E+00
