# PRIMAT v0.2.2, 23 June 2023 - Tabulated Rate
# TALYS2: Goriely et al. A&A 487 (2008), 767
    0.0010    1.0000E-35    1.0000E+02
    0.0020    6.5612E-36    1.0000E+02
    0.0030    5.7014E-36    1.0000E+02
    0.0040    6.5612E-36    1.0000E+02
    0.0050    1.0000E-35    1.0000E+02
    0.0060    7.6247E-35    1.0000E+02
    0.0070    7.4538E-34    1.0000E+02
    0.0080    9.3424E-33    1.0000E+02
    0.0090    1.5013E-31    1.0000E+02
    0.0100    3.0932E-30    1.0000E+02
    0.0110    2.0324E-29    1.0000E+02
    0.0120    1.2808E-28    1.0000E+02
    0.0130    7.7422E-28    1.0000E+02
    0.0140    4.4888E-27    1.0000E+02
    0.0150    2.4963E-26    1.0000E+02
    0.0160    1.3315E-25    1.0000E+02
    0.0180    3.3428E-24    1.0000E+02
    0.0200    7.1031E-23    1.0000E+02
    0.0250    7.1265E-20    1.0000E+02
    0.0300    2.5210E-17    1.0000E+02
    0.0400    1.3829E-13    1.0000E+02
    0.0500    1.1725E-11    1.0000E+02
    0.0600    9.9814E-10    1.0000E+02
    0.0700    2.9759E-08    1.0000E+02
    0.0800    3.1073E-07    1.0000E+02
    0.0900    1.1363E-06    1.0000E+02
    0.1000    1.4554E-06    1.0000E+02
    0.1100    6.2543E-06    1.0000E+02
    0.1200    2.2820E-05    1.0000E+02
    0.1300    7.0693E-05    1.0000E+02
    0.1400    1.8594E-04    1.0000E+02
    0.1500    4.1526E-04    1.0000E+02
    0.1600    9.5729E-04    1.0000E+02
    0.1800    4.2133E-03    1.0000E+02
    0.2000    1.4422E-02    1.0000E+02
    0.2500    1.7780E-01    1.0000E+02
    0.3000    1.1983E+00    1.0000E+02
    0.3500    5.4829E+00    1.0000E+02
    0.4000    1.9018E+01    1.0000E+02
    0.4500    5.4659E+01    1.0000E+02
    0.5000    1.3373E+02    1.0000E+02
    0.6000    5.8538E+02    1.0000E+02
    0.7000    1.8875E+03    1.0000E+02
    0.8000    4.9243E+03    1.0000E+02
    0.9000    1.1006E+04    1.0000E+02
    1.0000    2.1872E+04    1.0000E+02
    1.2500    8.4507E+04    1.0000E+02
    1.5000    2.3193E+05    1.0000E+02
    1.7500    5.1328E+05    1.0000E+02
    2.0000    9.5286E+05    1.0000E+02
    2.5000    2.4766E+06    1.0000E+02
    3.0000    4.9646E+06    1.0000E+02
    3.5000    8.4566E+06    1.0000E+02
    4.0000    1.2912E+07    1.0000E+02
    5.0000    2.4352E+07    1.0000E+02
    6.0000    3.8442E+07    1.0000E+02
    7.0000    5.4344E+07    1.0000E+02
    8.0000    7.1345E+07    1.0000E+02
    9.0000    8.8867E+07    1.0000E+02
   10.0000    1.0645E+08    1.0000E+02
