# PRIMAT v0.2.2, 23 June 2023 - Tabulated Rate
# Barbagallo et al. PRL 117, 152701 (2016)
    0.0010    4.8294E+05    2.0000E+00
    0.0020    4.8495E+05    2.0000E+00
    0.0030    4.8702E+05    2.0000E+00
    0.0040    4.8913E+05    2.0000E+00
    0.0050    4.9127E+05    2.0000E+00
    0.0060    4.9345E+05    2.0000E+00
    0.0070    4.9565E+05    2.0000E+00
    0.0080    4.9789E+05    2.0000E+00
    0.0090    5.0015E+05    2.0000E+00
    0.0100    5.0243E+05    2.0000E+00
    0.0110    5.0474E+05    2.0000E+00
    0.0120    5.0706E+05    2.0000E+00
    0.0130    5.0941E+05    2.0000E+00
    0.0140    5.1178E+05    2.0000E+00
    0.0150    5.1417E+05    2.0000E+00
    0.0160    5.1657E+05    2.0000E+00
    0.0180    5.2144E+05    2.0000E+00
    0.0200    5.2637E+05    2.0000E+00
    0.0250    5.3898E+05    2.0000E+00
    0.0300    5.5194E+05    2.0000E+00
    0.0400    5.7884E+05    2.0000E+00
    0.0500    6.0688E+05    2.0000E+00
    0.0600    6.3593E+05    2.0000E+00
    0.0700    6.6592E+05    2.0000E+00
    0.0800    6.9676E+05    2.0000E+00
    0.0900    7.2841E+05    2.0000E+00
    0.1000    7.6082E+05    2.0000E+00
    0.1100    7.9394E+05    2.0000E+00
    0.1200    8.2775E+05    2.0000E+00
    0.1300    8.6222E+05    2.0000E+00
    0.1400    8.9732E+05    2.0000E+00
    0.1500    9.3303E+05    2.0000E+00
    0.1600    9.6932E+05    2.0000E+00
    0.1800    1.0436E+06    2.0000E+00
    0.2000    1.1200E+06    2.0000E+00
    0.2500    1.3198E+06    2.0000E+00
    0.3000    1.5309E+06    2.0000E+00
    0.3500    1.7524E+06    2.0000E+00
    0.4000    1.9835E+06    2.0000E+00
    0.4500    2.2237E+06    2.0000E+00
    0.5000    2.4723E+06    2.0000E+00
    0.6000    2.9932E+06    2.0000E+00
    0.7000    3.5436E+06    2.0000E+00
    0.8000    4.1211E+06    2.0000E+00
    0.9000    4.7241E+06    2.0000E+00
    1.0000    5.3510E+06    2.0000E+00
    1.2500    7.0156E+06    2.0000E+00
    1.5000    8.8075E+06    2.0000E+00
    1.7500    1.0716E+07    2.0000E+00
    2.0000    1.2731E+07    2.0000E+00
    2.5000    1.7058E+07    2.0000E+00
    3.0000    2.1745E+07    2.0000E+00
    3.5000    2.6761E+07    2.0000E+00
    4.0000    3.2081E+07    2.0000E+00
    5.0000    4.3557E+07    2.0000E+00
    6.0000    5.6053E+07    2.0000E+00
    7.0000    6.9477E+07    2.0000E+00
    8.0000    8.3762E+07    2.0000E+00
    9.0000    9.8851E+07    2.0000E+00
   10.0000    1.1470E+08    2.0000E+00
