# PRIMAT v0.2.2, 23 June 2023 - Tabulated Rate
# TALYS2: Goriely et al. A&A 487 (2008), 767
    0.0010    1.0000E-35    1.0000E+02
    0.0020    5.0413E-34    1.0000E+02
    0.0030    7.5906E-32    1.0000E+02
    0.0040    3.4135E-29    1.0000E+02
    0.0050    4.5849E-26    1.0000E+02
    0.0060    5.2007E-24    1.0000E+02
    0.0070    4.7222E-22    1.0000E+02
    0.0080    3.4321E-20    1.0000E+02
    0.0090    1.9968E-18    1.0000E+02
    0.0100    9.2992E-17    1.0000E+02
    0.0110    9.5898E-16    1.0000E+02
    0.0120    9.0707E-15    1.0000E+02
    0.0130    7.8694E-14    1.0000E+02
    0.0140    6.2619E-13    1.0000E+02
    0.0150    4.5703E-12    1.0000E+02
    0.0160    3.0595E-11    1.0000E+02
    0.0180    1.0579E-09    1.0000E+02
    0.0200    2.5890E-08    1.0000E+02
    0.0250    1.6905E-05    1.0000E+02
    0.0300    1.2723E-03    1.0000E+02
    0.0400    1.1035E-02    1.0000E+02
    0.0500    1.6895E-05    1.0000E+02
    0.0600    2.5845E-04    1.0000E+02
    0.0700    2.0987E-03    1.0000E+02
    0.0800    9.0461E-03    1.0000E+02
    0.0900    2.0698E-02    1.0000E+02
    0.1000    2.5139E-02    1.0000E+02
    0.1100    6.2410E-02    1.0000E+02
    0.1200    1.3996E-01    1.0000E+02
    0.1300    2.8352E-01    1.0000E+02
    0.1400    5.1880E-01    1.0000E+02
    0.1500    8.5753E-01    1.0000E+02
    0.1600    1.4456E+00    1.0000E+02
    0.1800    3.6534E+00    1.0000E+02
    0.2000    7.8967E+00    1.0000E+02
    0.2500    3.8147E+01    1.0000E+02
    0.3000    1.2636E+02    1.0000E+02
    0.3500    3.2835E+02    1.0000E+02
    0.4000    7.1705E+02    1.0000E+02
    0.4500    1.3911E+03    1.0000E+02
    0.5000    2.4387E+03    1.0000E+02
    0.6000    6.1520E+03    1.0000E+02
    0.7000    1.2796E+04    1.0000E+02
    0.8000    2.3292E+04    1.0000E+02
    0.9000    3.8484E+04    1.0000E+02
    1.0000    5.9118E+04    1.0000E+02
    1.2500    1.3830E+05    1.0000E+02
    1.5000    2.6288E+05    1.0000E+02
    1.7500    4.3943E+05    1.0000E+02
    2.0000    6.6061E+05    1.0000E+02
    2.5000    1.2571E+06    1.0000E+02
    3.0000    2.0332E+06    1.0000E+02
    3.5000    2.9596E+06    1.0000E+02
    4.0000    4.0046E+06    1.0000E+02
    5.0000    6.3366E+06    1.0000E+02
    6.0000    8.8415E+06    1.0000E+02
    7.0000    1.1397E+07    1.0000E+02
    8.0000    1.3933E+07    1.0000E+02
    9.0000    1.6415E+07    1.0000E+02
   10.0000    1.8834E+07    1.0000E+02
