# PRIMAT v0.2.2, 23 June 2023 - Tabulated Rate
# Hammache et al. PRC 82, 065803 (2010)
    0.0010   9.153E-30   1.400E+00
    0.0020   2.610E-23   1.400E+00
    0.0030   3.458E-20   1.400E+00
    0.0040   3.190E-18   1.400E+00
    0.0050   7.929E-17   1.400E+00
    0.0060   9.163E-16   1.400E+00
    0.0070   7.672E-15   1.400E+00
    0.0080   4.990E-14   1.400E+00
    0.0090   2.100E-13   1.400E+00
    0.0100   6.547E-13   1.400E+00
    0.0110   1.655E-12   1.400E+00
    0.0120   3.612E-12   1.400E+00
    0.0130   7.142E-12   1.400E+00
    0.0140   1.325E-11   1.400E+00
    0.0150   2.363E-11   1.400E+00
    0.0160   4.103E-11   1.400E+00
    0.0180   1.157E-10   1.400E+00
    0.0200   2.965E-10   1.400E+00
    0.0250   2.014E-09   1.400E+00
    0.0300   8.452E-09   1.400E+00
    0.0400   6.594E-08   1.400E+00
    0.0500   2.827E-07   1.400E+00
    0.0600   8.598E-07   1.400E+00
    0.0700   2.094E-06   1.400E+00
    0.0800   4.372E-06   1.400E+00
    0.0900   8.156E-06   1.400E+00
    0.1000   1.397E-05   1.400E+00
    0.1100   2.240E-05   1.400E+00
    0.1200   3.406E-05   1.400E+00
    0.1300   4.959E-05   1.400E+00
    0.1400   6.967E-05   1.400E+00
    0.1500   9.495E-05   1.400E+00
    0.1600   1.261E-04   1.400E+00
    0.1800   2.090E-04   1.400E+00
    0.2000   3.237E-04   1.400E+00
    0.2500   7.846E-04   1.400E+00
    0.3000   1.557E-03   1.400E+00
    0.3500   2.715E-03   1.400E+00
    0.4000   4.325E-03   1.400E+00
    0.4500   6.453E-03   1.400E+00
    0.5000   9.169E-03   1.400E+00
    0.6000   1.674E-02   1.400E+00
    0.7000   2.813E-02   1.400E+00
    0.8000   4.502E-02   1.400E+00
    0.9000   6.944E-02   1.400E+00
    1.0000   1.033E-01   1.400E+00
    1.2500   2.359E-01   1.400E+00
    1.5000   4.350E-01   1.400E+00
    1.7500   6.839E-01   1.400E+00
    2.0000   9.623E-01   1.400E+00
    2.5000   1.549E+00   1.400E+00
    3.0000   2.132E+00   1.400E+00
    3.5000   2.705E+00   1.400E+00
    4.0000   3.280E+00   1.400E+00
    5.0000   4.476E+00   1.400E+00
    6.0000   5.754E+00   1.400E+00
    7.0000   7.088E+00   1.400E+00
    8.0000   8.438E+00   1.400E+00
    9.0000   9.773E+00   1.400E+00
   10.0000   1.107E+01   1.400E+00
