# PRIMAT v0.2.2, 23 June 2023 - Tabulated Rate
# NACRE II: Xu et al. Nucl. Phys. A 918 (2013) 61
    0.0010    1.4600E-15    1.1850E+00
    0.0020    6.0000E-12    1.1867E+00
    0.0030    3.2900E-10    1.1863E+00
    0.0040    4.0400E-09    1.1868E+00
    0.0050    2.3800E-08    1.1882E+00
    0.0060    9.1700E-08    1.1861E+00
    0.0070    2.6800E-07    1.1861E+00
    0.0080    6.4600E-07    1.1862E+00
    0.0090    1.3500E-06    1.1895E+00
    0.0100    2.5600E-06    1.1859E+00
    0.0110    4.4600E-06    1.1866E+00
    0.0120    7.2700E-06    1.1845E+00
    0.0130    1.1200E-05    1.1877E+00
    0.0140    1.6700E-05    1.1862E+00
    0.0150    2.3800E-05    1.1864E+00
    0.0160    3.2900E-05    1.1863E+00
    0.0180    5.8200E-05    1.1870E+00
    0.0200    9.5000E-05    1.1877E+00
    0.0250    2.5200E-04    1.1869E+00
    0.0300    5.2600E-04    1.1877E+00
    0.0400    1.5200E-03    1.1865E+00
    0.0500    3.1900E-03    1.1877E+00
    0.0600    5.5700E-03    1.1879E+00
    0.0700    8.6500E-03    1.1876E+00
    0.0800    1.2400E-02    1.1880E+00
    0.0900    1.6800E-02    1.1852E+00
    0.1000    2.1700E-02    1.1875E+00
    0.1100    2.7100E-02    1.1873E+00
    0.1200    3.2900E-02    1.1876E+00
    0.1300    3.9200E-02    1.1867E+00
    0.1400    4.5800E-02    1.1867E+00
    0.1500    5.2700E-02    1.1866E+00
    0.1600    5.9900E-02    1.1863E+00
    0.1800    7.5000E-02    1.1832E+00
    0.2000    9.0900E-02    1.1867E+00
    0.2500    1.3300E-01    1.1826E+00
    0.3000    1.7800E-01    1.1780E+00
    0.3500    2.2400E-01    1.1745E+00
    0.4000    2.7300E-01    1.1705E+00
    0.4500    3.2300E-01    1.1671E+00
    0.5000    3.7600E-01    1.1635E+00
    0.6000    4.9000E-01    1.1579E+00
    0.7000    6.1700E-01    1.1528E+00
    0.8000    7.5500E-01    1.1509E+00
    0.9000    9.0400E-01    1.1521E+00
    1.0000    1.0600E+00    1.1533E+00
    1.2500    1.5100E+00    1.1509E+00
    1.5000    2.0100E+00    1.1525E+00
    1.7500    2.5800E+00    1.1497E+00
    2.0000    3.1900E+00    1.1488E+00
    2.5000    4.5600E+00    1.1423E+00
    3.0000    6.0900E+00    1.1353E+00
    3.5000    7.7700E+00    1.1288E+00
    4.0000    9.5900E+00    1.1233E+00
    5.0000    1.3600E+01    1.1114E+00
    6.0000    1.7900E+01    1.1010E+00
    7.0000    2.2400E+01    1.0959E+00
    8.0000    2.7000E+01    1.0887E+00
    9.0000    3.1500E+01    1.0838E+00
   10.0000    3.5900E+01    1.0790E+00
