# PRIMAT v0.2.2, 23 June 2023 - Tabulated Rate
# TALYS2: Goriely et al. A&A 487 (2008), 767
    0.0010    1.0000E-35    1.0000E+02
    0.0020    1.0000E-35    1.0000E+02
    0.0030    1.0000E-35    1.0000E+02
    0.0040    1.0000E-35    1.0000E+02
    0.0050    1.0000E-35    1.0000E+02
    0.0060    1.0000E-35    1.0000E+02
    0.0070    1.0000E-35    1.0000E+02
    0.0080    1.0000E-35    1.0000E+02
    0.0090    1.0000E-35    1.0000E+02
    0.0100    1.0000E-35    1.0000E+02
    0.0110    1.0000E-35    1.0000E+02
    0.0120    1.0000E-35    1.0000E+02
    0.0130    1.0000E-35    1.0000E+02
    0.0140    1.0000E-35    1.0000E+02
    0.0150    1.0000E-35    1.0000E+02
    0.0160    1.0000E-35    1.0000E+02
    0.0180    1.0000E-35    1.0000E+02
    0.0200    1.0000E-35    1.0000E+02
    0.0250    1.0000E-35    1.0000E+02
    0.0300    1.0000E-35    1.0000E+02
    0.0400    1.0000E-35    1.0000E+02
    0.0500    1.0000E-35    1.0000E+02
    0.0600    1.0000E-35    1.0000E+02
    0.0700    1.0000E-35    1.0000E+02
    0.0800    1.0000E-35    1.0000E+02
    0.0900    1.0000E-35    1.0000E+02
    0.1000    1.0000E-35    1.0000E+02
    0.1100    1.0000E-35    1.0000E+02
    0.1200    1.0000E-35    1.0000E+02
    0.1300    1.0000E-35    1.0000E+02
    0.1400    1.0000E-35    1.0000E+02
    0.1500    1.0000E-35    1.0000E+02
    0.1600    1.0000E-35    1.0000E+02
    0.1800    1.0000E-35    1.0000E+02
    0.2000    1.0000E-35    1.0000E+02
    0.2500    1.0000E-35    1.0000E+02
    0.3000    1.0000E-35    1.0000E+02
    0.3500    8.8576E-36    1.0000E+02
    0.4000    1.0000E-35    1.0000E+02
    0.4500    9.7520E-36    1.0000E+02
    0.5000    6.9656E-35    1.0000E+02
    0.6000    5.7690E-28    1.0000E+02
    0.7000    7.7619E-24    1.0000E+02
    0.8000    9.8899E-21    1.0000E+02
    0.9000    2.6138E-18    1.0000E+02
    1.0000    2.2942E-16    1.0000E+02
    1.2500    7.5918E-13    1.0000E+02
    1.5000    1.7344E-10    1.0000E+02
    1.7500    9.7001E-09    1.0000E+02
    2.0000    1.6892E-07    1.0000E+02
    2.5000    1.1284E-05    1.0000E+02
    3.0000    1.9556E-04    1.0000E+02
    3.5000    1.5589E-03    1.0000E+02
    4.0000    7.6172E-03    1.0000E+02
    5.0000    7.4481E-02    1.0000E+02
    6.0000    3.5790E-01    1.0000E+02
    7.0000    1.1293E+00    1.0000E+02
    8.0000    2.7133E+00    1.0000E+02
    9.0000    5.4050E+00    1.0000E+02
   10.0000    9.4163E+00    1.0000E+02
