# PRIMAT v0.2.2, 23 June 2023 - Tabulated Rate
# TALYS2: Goriely et al. A&A 487 (2008), 767
    0.0010    1.0000E-35    1.0000E+02
    0.0020    3.7004E-36    1.0000E+02
    0.0030    2.6567E-36    1.0000E+02
    0.0040    3.7004E-36    1.0000E+02
    0.0050    1.0000E-35    1.0000E+02
    0.0060    1.2981E-33    1.0000E+02
    0.0070    2.9189E-31    1.0000E+02
    0.0080    1.1368E-28    1.0000E+02
    0.0090    7.6695E-26    1.0000E+02
    0.0100    8.9622E-23    1.0000E+02
    0.0110    2.2410E-21    1.0000E+02
    0.0120    4.9655E-20    1.0000E+02
    0.0130    9.7497E-19    1.0000E+02
    0.0140    1.6964E-17    1.0000E+02
    0.0150    2.6155E-16    1.0000E+02
    0.0160    3.5736E-15    1.0000E+02
    0.0180    4.6419E-13    1.0000E+02
    0.0200    3.7180E-11    1.0000E+02
    0.0250    2.5743E-07    1.0000E+02
    0.0300    8.6821E-05    1.0000E+02
    0.0400    1.1412E-03    1.0000E+02
    0.0500    8.4437E-08    1.0000E+02
    0.0600    3.0288E-06    1.0000E+02
    0.0700    4.6626E-05    1.0000E+02
    0.0800    3.0803E-04    1.0000E+02
    0.0900    8.7330E-04    1.0000E+02
    0.1000    1.0625E-03    1.0000E+02
    0.1100    3.4306E-03    1.0000E+02
    0.1200    9.7079E-03    1.0000E+02
    0.1300    2.4076E-02    1.0000E+02
    0.1400    5.2333E-02    1.0000E+02
    0.1500    9.9696E-02    1.0000E+02
    0.1600    1.9488E-01    1.0000E+02
    0.1800    6.3976E-01    1.0000E+02
    0.2000    1.7155E+00    1.0000E+02
    0.2500    1.2826E+01    1.0000E+02
    0.3000    5.9000E+01    1.0000E+02
    0.3500    1.9878E+02    1.0000E+02
    0.4000    5.3602E+02    1.0000E+02
    0.4500    1.2427E+03    1.0000E+02
    0.5000    2.5313E+03    1.0000E+02
    0.6000    8.1687E+03    1.0000E+02
    0.7000    2.0617E+04    1.0000E+02
    0.8000    4.3885E+04    1.0000E+02
    0.9000    8.2495E+04    1.0000E+02
    1.0000    1.4113E+05    1.0000E+02
    1.2500    4.0348E+05    1.0000E+02
    1.5000    8.7892E+05    1.0000E+02
    1.7500    1.6164E+06    1.0000E+02
    2.0000    2.5894E+06    1.0000E+02
    2.5000    5.3465E+06    1.0000E+02
    3.0000    9.0475E+06    1.0000E+02
    3.5000    1.3532E+07    1.0000E+02
    4.0000    1.8641E+07    1.0000E+02
    5.0000    3.0206E+07    1.0000E+02
    6.0000    4.2913E+07    1.0000E+02
    7.0000    5.6210E+07    1.0000E+02
    8.0000    6.9708E+07    1.0000E+02
    9.0000    8.3117E+07    1.0000E+02
   10.0000    9.6221E+07    1.0000E+02
