# PRIMAT v0.2.2, 23 June 2023 - Tabulated Rate
# NACRE II: Xu et al. Nucl. Phys. A 918 (2013) 61
    0.0010    3.1700E-29    1.1020E+00
    0.0020    6.9300E-22    1.1010E+00
    0.0030    2.4600E-18    1.1006E+00
    0.0040    4.2100E-16    1.1006E+00
    0.0050    1.6200E-14    1.1027E+00
    0.0060    2.6200E-13    1.1000E+00
    0.0070    2.4000E-12    1.1011E+00
    0.0080    1.4900E-11    1.1022E+00
    0.0090    6.9700E-11    1.0998E+00
    0.0100    2.6300E-10    1.0996E+00
    0.0110    8.3600E-10    1.0992E+00
    0.0120    2.3300E-09    1.0982E+00
    0.0130    5.8100E-09    1.0992E+00
    0.0140    1.3200E-08    1.1010E+00
    0.0150    2.8000E-08    1.0987E+00
    0.0160    5.5400E-08    1.0989E+00
    0.0180    1.8500E-07    1.0979E+00
    0.0200    5.2300E-07    1.0984E+00
    0.0250    4.1600E-06    1.0974E+00
    0.0300    2.0100E-05    1.0973E+00
    0.0400    1.9700E-04    1.0968E+00
    0.0500    9.9000E-04    1.0964E+00
    0.0600    3.3700E-03    1.0935E+00
    0.0700    8.9000E-03    1.0913E+00
    0.0800    1.9800E-02    1.0918E+00
    0.0900    3.8700E-02    1.0926E+00
    0.1000    6.8900E-02    1.0916E+00
    0.1100    1.1400E-01    1.0882E+00
    0.1200    1.7700E-01    1.0892E+00
    0.1300    2.6300E-01    1.0892E+00
    0.1400    3.7400E-01    1.0896E+00
    0.1500    5.1600E-01    1.0882E+00
    0.1600    6.9100E-01    1.0874E+00
    0.1800    1.1600E+00    1.0828E+00
    0.2000    1.8000E+00    1.0853E+00
    0.2500    4.3000E+00    1.0826E+00
    0.3000    8.3000E+00    1.0799E+00
    0.3500    1.3900E+01    1.0796E+00
    0.4000    2.1200E+01    1.0772E+00
    0.4500    3.0200E+01    1.0765E+00
    0.5000    4.0800E+01    1.0756E+00
    0.6000    6.6400E+01    1.0748E+00
    0.7000    9.7300E+01    1.0729E+00
    0.8000    1.3300E+02    1.0726E+00
    0.9000    1.7100E+02    1.0761E+00
    1.0000    2.1300E+02    1.0747E+00
    1.2500    3.2500E+02    1.0756E+00
    1.5000    4.4200E+02    1.0773E+00
    1.7500    5.6200E+02    1.0771E+00
    2.0000    6.8100E+02    1.0771E+00
    2.5000    9.1200E+02    1.0781E+00
    3.0000    1.1300E+03    1.0767E+00
    3.5000    1.3400E+03    1.0755E+00
    4.0000    1.5500E+03    1.0716E+00
    5.0000    1.9400E+03    1.0697E+00
    6.0000    2.3300E+03    1.0624E+00
    7.0000    2.7300E+03    1.0570E+00
    8.0000    3.1400E+03    1.0497E+00
    9.0000    3.5700E+03    1.0452E+00
   10.0000    4.0300E+03    1.0389E+00
