# PRIMAT v0.2.2, 23 June 2023 - Tabulated Rate
# NACRE II: Xu et al. Nucl. Phys. A 918 (2013) 61
    0.0010    1.0000E-24    1.0677E+00
    0.0020    2.2400E-17    1.0649E+00
    0.0030    8.0300E-14    1.0640E+00
    0.0040    1.3700E-11    1.0637E+00
    0.0050    5.2800E-10    1.0642E+00
    0.0060    8.5300E-09    1.0636E+00
    0.0070    7.8300E-08    1.0637E+00
    0.0080    4.8700E-07    1.0627E+00
    0.0090    2.2800E-06    1.0617E+00
    0.0100    8.5800E-06    1.0627E+00
    0.0110    2.7300E-05    1.0639E+00
    0.0120    7.6100E-05    1.0624E+00
    0.0130    1.9000E-04    1.0613E+00
    0.0140    4.3300E-04    1.0627E+00
    0.0150    9.1500E-04    1.0610E+00
    0.0160    1.8100E-03    1.0616E+00
    0.0180    6.0700E-03    1.0615E+00
    0.0200    1.7100E-02    1.0624E+00
    0.0250    1.3700E-01    1.0602E+00
    0.0300    6.6100E-01    1.0602E+00
    0.0400    6.5000E+00    1.0590E+00
    0.0500    3.2800E+01    1.0563E+00
    0.0600    1.1200E+02    1.0564E+00
    0.0700    2.9600E+02    1.0559E+00
    0.0800    6.5900E+02    1.0547E+00
    0.0900    1.2900E+03    1.0529E+00
    0.1000    2.3000E+03    1.0509E+00
    0.1100    3.7900E+03    1.0514E+00
    0.1200    5.8900E+03    1.0497E+00
    0.1300    8.7200E+03    1.0487E+00
    0.1400    1.2400E+04    1.0473E+00
    0.1500    1.7000E+04    1.0460E+00
    0.1600    2.2700E+04    1.0452E+00
    0.1800    3.7700E+04    1.0441E+00
    0.2000    5.8200E+04    1.0429E+00
    0.2500    1.3700E+05    1.0429E+00
    0.3000    2.6200E+05    1.0411E+00
    0.3500    4.3700E+05    1.0404E+00
    0.4000    6.6200E+05    1.0414E+00
    0.4500    9.3800E+05    1.0428E+00
    0.5000    1.2600E+06    1.0427E+00
    0.6000    2.0400E+06    1.0432E+00
    0.7000    2.9800E+06    1.0411E+00
    0.8000    4.0500E+06    1.0411E+00
    0.9000    5.2300E+06    1.0403E+00
    1.0000    6.4900E+06    1.0408E+00
    1.2500    9.9100E+06    1.0391E+00
    1.5000    1.3600E+07    1.0397E+00
    1.7500    1.7400E+07    1.0422E+00
    2.0000    2.1300E+07    1.0436E+00
    2.5000    2.9600E+07    1.0462E+00
    3.0000    3.8400E+07    1.0471E+00
    3.5000    4.7600E+07    1.0492E+00
    4.0000    5.6800E+07    1.0523E+00
    5.0000    7.4800E+07    1.0559E+00
    6.0000    9.0900E+07    1.0593E+00
    7.0000    1.0400E+08    1.0607E+00
    8.0000    1.1500E+08    1.0632E+00
    9.0000    1.2300E+08    1.0631E+00
   10.0000    1.2900E+08    1.0639E+00
