# PRIMAT v0.2.2, 23 June 2023 - Tabulated Rate
# TALYS2: Goriely et al. A&A 487 (2008), 767
    0.0010    1.0000E-35    1.0000E+02
    0.0020    4.5866E-32    1.0000E+02
    0.0030    9.8421E-28    1.0000E+02
    0.0040    9.8808E-23    1.0000E+02
    0.0050    4.6409E-17    1.0000E+02
    0.0060    6.5386E-15    1.0000E+02
    0.0070    3.7333E-13    1.0000E+02
    0.0080    8.6379E-12    1.0000E+02
    0.0090    8.0992E-11    1.0000E+02
    0.0100    3.0775E-10    1.0000E+02
    0.0110    1.7516E-09    1.0000E+02
    0.0120    9.3622E-09    1.0000E+02
    0.0130    4.6995E-08    1.0000E+02
    0.0140    2.2153E-07    1.0000E+02
    0.0150    9.8072E-07    1.0000E+02
    0.0160    4.0773E-06    1.0000E+02
    0.0180    5.8368E-05    1.0000E+02
    0.0200    6.4992E-04    1.0000E+02
    0.0250    8.9565E-02    1.0000E+02
    0.0300    2.5667E+00    1.0000E+02
    0.0400    1.8957E+01    1.0000E+02
    0.0500    2.6182E-01    1.0000E+02
    0.0600    2.2689E+00    1.0000E+02
    0.0700    1.1886E+01    1.0000E+02
    0.0800    3.7639E+01    1.0000E+02
    0.0900    7.2050E+01    1.0000E+02
    0.1000    8.3371E+01    1.0000E+02
    0.1100    1.6991E+02    1.0000E+02
    0.1200    3.1929E+02    1.0000E+02
    0.1300    5.5328E+02    1.0000E+02
    0.1400    8.8408E+02    1.0000E+02
    0.1500    1.3026E+03    1.0000E+02
    0.1600    1.9507E+03    1.0000E+02
    0.1800    3.9861E+03    1.0000E+02
    0.2000    7.1956E+03    1.0000E+02
    0.2500    2.3869E+04    1.0000E+02
    0.3000    5.8832E+04    1.0000E+02
    0.3500    1.1990E+05    1.0000E+02
    0.4000    2.1335E+05    1.0000E+02
    0.4500    3.4637E+05    1.0000E+02
    0.5000    5.1992E+05    1.0000E+02
    0.6000    1.0069E+06    1.0000E+02
    0.7000    1.6836E+06    1.0000E+02
    0.8000    2.5456E+06    1.0000E+02
    0.9000    3.5801E+06    1.0000E+02
    1.0000    4.7702E+06    1.0000E+02
    1.2500    8.3004E+06    1.0000E+02
    1.5000    1.2438E+07    1.0000E+02
    1.7500    1.7044E+07    1.0000E+02
    2.0000    2.1711E+07    1.0000E+02
    2.5000    3.1570E+07    1.0000E+02
    3.0000    4.1546E+07    1.0000E+02
    3.5000    5.1431E+07    1.0000E+02
    4.0000    6.1138E+07    1.0000E+02
    5.0000    7.9905E+07    1.0000E+02
    6.0000    9.7786E+07    1.0000E+02
    7.0000    1.1480E+08    1.0000E+02
    8.0000    1.3093E+08    1.0000E+02
    9.0000    1.4615E+08    1.0000E+02
   10.0000    1.6040E+08    1.0000E+02
