# PRIMAT v0.2.2, 23 June 2023 - Tabulated Rate
# TALYS2: Goriely et al. A&A 487 (2008), 767
    0.0010    1.0000E-35    1.0000E+02
    0.0020    3.4609E-32    1.0000E+02
    0.0030    5.3983E-28    1.0000E+02
    0.0040    3.7948E-23    1.0000E+02
    0.0050    1.2022E-17    1.0000E+02
    0.0060    1.5729E-15    1.0000E+02
    0.0070    8.6587E-14    1.0000E+02
    0.0080    2.0058E-12    1.0000E+02
    0.0090    1.9553E-11    1.0000E+02
    0.0100    8.0204E-11    1.0000E+02
    0.0110    4.5719E-10    1.0000E+02
    0.0120    2.4474E-09    1.0000E+02
    0.0130    1.2304E-08    1.0000E+02
    0.0140    5.8091E-08    1.0000E+02
    0.0150    2.5756E-07    1.0000E+02
    0.0160    1.0725E-06    1.0000E+02
    0.0180    1.5401E-05    1.0000E+02
    0.0200    1.7202E-04    1.0000E+02
    0.0250    2.3893E-02    1.0000E+02
    0.0300    6.9021E-01    1.0000E+02
    0.0400    5.1809E+00    1.0000E+02
    0.0500    7.2753E-02    1.0000E+02
    0.0600    6.3868E-01    1.0000E+02
    0.0700    3.3867E+00    1.0000E+02
    0.0800    1.0848E+01    1.0000E+02
    0.0900    2.0989E+01    1.0000E+02
    0.1000    2.4530E+01    1.0000E+02
    0.1100    5.0490E+01    1.0000E+02
    0.1200    9.5794E+01    1.0000E+02
    0.1300    1.6754E+02    1.0000E+02
    0.1400    2.7009E+02    1.0000E+02
    0.1500    4.0136E+02    1.0000E+02
    0.1600    6.0609E+02    1.0000E+02
    0.1800    1.2586E+03    1.0000E+02
    0.2000    2.3066E+03    1.0000E+02
    0.2500    7.9236E+03    1.0000E+02
    0.3000    2.0153E+04    1.0000E+02
    0.3500    4.2260E+04    1.0000E+02
    0.4000    7.7190E+04    1.0000E+02
    0.4500    1.2839E+05    1.0000E+02
    0.5000    1.9709E+05    1.0000E+02
    0.6000    3.9751E+05    1.0000E+02
    0.7000    6.8885E+05    1.0000E+02
    0.8000    1.0750E+06    1.0000E+02
    0.9000    1.5552E+06    1.0000E+02
    1.0000    2.1253E+06    1.0000E+02
    1.2500    3.8978E+06    1.0000E+02
    1.5000    6.0877E+06    1.0000E+02
    1.7500    8.6213E+06    1.0000E+02
    2.0000    1.1271E+07    1.0000E+02
    2.5000    1.7033E+07    1.0000E+02
    3.0000    2.2997E+07    1.0000E+02
    3.5000    2.8952E+07    1.0000E+02
    4.0000    3.4784E+07    1.0000E+02
    5.0000    4.5831E+07    1.0000E+02
    6.0000    5.5901E+07    1.0000E+02
    7.0000    6.4996E+07    1.0000E+02
    8.0000    7.3241E+07    1.0000E+02
    9.0000    8.0806E+07    1.0000E+02
   10.0000    8.7859E+07    1.0000E+02
