# PRIMAT v0.2.2, 23 June 2023 - Tabulated Rate
# Coc et al. ApJ 744 (2012) 158
    0.0010    7.6924E-32    5.2704E+00
    0.0020    7.5390E-23    5.2706E+00
    0.0030    1.7008E-18    5.2704E+00
    0.0040    9.3815E-16    5.2705E+00
    0.0050    8.3117E-14    5.2704E+00
    0.0060    2.5311E-12    5.2704E+00
    0.0070    3.8618E-11    5.2705E+00
    0.0080    3.6487E-10    5.2705E+00
    0.0090    2.4308E-09    5.2705E+00
    0.0100    1.2430E-08    5.2705E+00
    0.0110    5.1713E-08    5.2705E+00
    0.0120    1.8245E-07    5.2704E+00
    0.0130    5.6280E-07    5.2704E+00
    0.0140    1.5533E-06    5.2704E+00
    0.0150    3.9048E-06    5.2704E+00
    0.0160    9.0661E-06    5.2705E+00
    0.0180    4.0187E-05    5.2705E+00
    0.0200    1.4465E-04    5.2704E+00
    0.0250    1.8722E-03    5.2704E+00
    0.0300    1.3124E-02    5.2704E+00
    0.0400    2.2180E-01    5.2704E+00
    0.0500    1.6416E+00    5.2705E+00
    0.0600    7.5094E+00    5.2705E+00
    0.0700    2.5178E+01    5.2705E+00
    0.0800    6.8080E+01    5.2706E+00
    0.0900    1.5741E+02    5.2705E+00
    0.1000    3.2333E+02    5.2704E+00
    0.1100    6.0566E+02    5.2704E+00
    0.1200    1.0541E+03    5.2705E+00
    0.1300    1.7280E+03    5.2705E+00
    0.1400    2.6958E+03    5.2704E+00
    0.1500    4.0346E+03    5.2705E+00
    0.1600    5.8289E+03    5.2704E+00
    0.1800    1.1155E+04    5.2704E+00
    0.2000    1.9467E+04    5.2704E+00
    0.2500    5.8999E+04    5.2704E+00
    0.3000    1.3649E+05    5.2704E+00
    0.3500    2.6536E+05    5.2704E+00
    0.4000    4.5753E+05    5.2702E+00
    0.4500    7.2303E+05    5.2699E+00
    0.5000    1.0699E+06    5.2689E+00
    0.6000    2.0310E+06    5.2640E+00
    0.7000    3.3728E+06    5.2545E+00
    0.8000    5.1080E+06    5.2404E+00
    0.9000    7.2361E+06    5.2232E+00
    1.0000    9.7471E+06    5.2049E+00
    1.2500    1.7583E+07    5.1628E+00
    1.5000    2.7365E+07    5.1338E+00
    1.7500    3.8733E+07    5.1177E+00
    2.0000    5.1358E+07    5.1112E+00
    2.5000    7.9326E+07    5.1137E+00
    3.0000    1.0961E+08    5.1236E+00
    3.5000    1.4112E+08    5.1339E+00
    4.0000    1.7314E+08    5.1426E+00
    5.0000    2.3689E+08    5.1551E+00
    6.0000    2.9861E+08    5.1638E+00
    7.0000    3.5730E+08    5.1710E+00
    8.0000    4.1263E+08    5.1775E+00
    9.0000    4.6454E+08    5.1834E+00
   10.0000    5.1316E+08    5.1892E+00
