# PRIMAT v0.2.2, 23 June 2023 - Tabulated Rate
# TALYS2: Goriely et al. A&A 487 (2008), 767
    0.0010    1.0000E-35    1.0000E+02
    0.0020    4.2077E-36    1.0000E+02
    0.0030    3.1531E-36    1.0000E+02
    0.0040    4.2077E-36    1.0000E+02
    0.0050    1.0000E-35    1.0000E+02
    0.0060    6.8819E-34    1.0000E+02
    0.0070    7.6633E-32    1.0000E+02
    0.0080    1.3808E-29    1.0000E+02
    0.0090    4.0254E-27    1.0000E+02
    0.0100    1.8989E-24    1.0000E+02
    0.0110    3.4430E-23    1.0000E+02
    0.0120    5.6291E-22    1.0000E+02
    0.0130    8.2982E-21    1.0000E+02
    0.0140    1.1030E-19    1.0000E+02
    0.0150    1.3221E-18    1.0000E+02
    0.0160    1.4288E-17    1.0000E+02
    0.0180    1.2234E-15    1.0000E+02
    0.0200    6.9244E-14    1.0000E+02
    0.0250    2.7284E-10    1.0000E+02
    0.0300    8.0875E-08    1.0000E+02
    0.0400    3.0255E-06    1.0000E+02
    0.0500    3.6252E-09    1.0000E+02
    0.0600    1.4197E-07    1.0000E+02
    0.0700    2.3470E-06    1.0000E+02
    0.0800    1.6379E-05    1.0000E+02
    0.0900    4.8253E-05    1.0000E+02
    0.1000    6.0010E-05    1.0000E+02
    0.1100    2.0032E-04    1.0000E+02
    0.1200    5.8376E-04    1.0000E+02
    0.1300    1.4851E-03    1.0000E+02
    0.1400    3.2981E-03    1.0000E+02
    0.1500    6.3943E-03    1.0000E+02
    0.1600    1.2731E-02    1.0000E+02
    0.1800    4.3166E-02    1.0000E+02
    0.2000    1.1883E-01    1.0000E+02
    0.2500    9.3648E-01    1.0000E+02
    0.3000    4.4770E+00    1.0000E+02
    0.3500    1.5537E+01    1.0000E+02
    0.4000    4.2892E+01    1.0000E+02
    0.4500    1.0139E+02    1.0000E+02
    0.5000    2.0989E+02    1.0000E+02
    0.6000    6.9539E+02    1.0000E+02
    0.7000    1.7923E+03    1.0000E+02
    0.8000    3.8833E+03    1.0000E+02
    0.9000    7.4146E+03    1.0000E+02
    1.0000    1.2867E+04    1.0000E+02
    1.2500    3.7983E+04    1.0000E+02
    1.5000    8.5108E+04    1.0000E+02
    1.7500    1.6054E+05    1.0000E+02
    2.0000    2.6302E+05    1.0000E+02
    2.5000    5.6311E+05    1.0000E+02
    3.0000    9.7780E+05    1.0000E+02
    3.5000    1.4878E+06    1.0000E+02
    4.0000    2.0710E+06    1.0000E+02
    5.0000    3.3787E+06    1.0000E+02
    6.0000    4.7788E+06    1.0000E+02
    7.0000    6.2006E+06    1.0000E+02
    8.0000    7.6082E+06    1.0000E+02
    9.0000    8.9861E+06    1.0000E+02
   10.0000    1.0330E+07    1.0000E+02
