# PRIMAT v0.2.2, 23 June 2023
# Above 1 GK: Descouvemont et al., Atomic Data and Nuclear Data Tables 
# 88 (2004), 203, arXiv:astro-ph/0407101
# Below 1 GK: de Souza, Tan Hong Kiat, Coc, Iliadis ApJ 894 (2020) 134, 
# arXiv:1912.06210
0.001    5.1567E+09    1.0157E+00
0.002    5.0250E+09    1.0155E+00
0.003    4.9284E+09    1.0154E+00
0.004    4.8487E+09    1.0153E+00
0.005    4.7808E+09    1.0152E+00
0.006    4.7216E+09    1.0152E+00
0.007    4.6667E+09    1.0152E+00
0.008    4.6179E+09    1.0152E+00
0.009    4.5726E+09    1.0151E+00
0.010    4.5305E+09    1.0151E+00
0.011    4.4913E+09    1.0151E+00
0.012    4.4538E+09    1.0151E+00
0.013    4.4187E+09    1.0151E+00
0.014    4.3856E+09    1.0152E+00
0.015    4.3537E+09    1.0152E+00
0.016    4.3232E+09    1.0152E+00
0.018    4.2660E+09    1.0152E+00
0.020    4.2129E+09    1.0153E+00
0.025    4.0963E+09    1.0154E+00
0.030    3.9938E+09    1.0155E+00
0.040    3.8230E+09    1.0158E+00
0.050    3.6820E+09    1.0161E+00
0.060    3.5619E+09    1.0164E+00
0.070    3.4570E+09    1.0167E+00
0.080    3.3622E+09    1.0169E+00
0.090    3.2776E+09    1.0172E+00
0.100    3.1999E+09    1.0174E+00
0.110    3.1283E+09    1.0176E+00
0.120    3.0629E+09    1.0177E+00
0.130    3.0015E+09    1.0179E+00
0.140    2.9443E+09    1.0180E+00
0.150    2.8906E+09    1.0182E+00
0.160    2.8399E+09    1.0183E+00
0.180    2.7473E+09    1.0185E+00
0.200    2.6628E+09    1.0187E+00
0.250    2.4861E+09    1.0191E+00
0.300    2.3429E+09    1.0194E+00
0.350    2.2252E+09    1.0196E+00
0.400    2.1267E+09    1.0197E+00
0.450    2.0426E+09    1.0199E+00
0.500    1.9711E+09    1.0200E+00
0.600    1.8570E+09    1.0202E+00
0.700    1.7711E+09    1.0203E+00
0.800    1.7055E+09    1.0204E+00
0.900    1.6533E+09    1.0205E+00
1.000    1.6115E+09    1.0206E+00
1.250    1.5309E+09    1.0081E+00
1.500    1.4740E+09    1.0094E+00
1.750    1.4253E+09    1.0105E+00
2.000    1.3813E+09    1.0113E+00
2.500    1.3022E+09    1.0126E+00
3.000    1.2327E+09    1.0135E+00
3.500    1.1716E+09    1.0142E+00
4.000    1.1183E+09    1.0149E+00
5.000    1.0310E+09    1.0162E+00
6.000    9.6385E+08    1.0180E+00
7.000    9.1117E+08    1.0210E+00
8.000    8.6874E+08    1.0262E+00
9.000    8.3371E+08    1.0352E+00
10.000    8.0414E+08    1.0498E+00