# PRIMAT v0.2.2, 23 June 2023 
# Gómez Iñesta et al. Astrophys. J. 849 (2017) 2, 134
# arXiv:1710.01647
0.0010    1.364E-08    1.011E+00
0.0020    5.653E-05    1.011E+00
0.0030    3.110E-03    1.011E+00
0.0040    3.835E-02    1.011E+00
0.0050    2.269E-01    1.011E+00
0.0060    8.755E-01    1.011E+00
0.0070    2.563E+00    1.011E+00
0.0080    6.198E+00    1.011E+00
0.0090    1.304E+01    1.011E+00
0.0100    2.471E+01    1.011E+00
0.0110    4.314E+01    1.011E+00
0.0120    7.055E+01    1.011E+00
0.0130    1.094E+02    1.011E+00
0.0140    1.624E+02    1.011E+00
0.0150    2.322E+02    1.011E+00
0.0160    3.220E+02    1.011E+00
0.0180    5.729E+02    1.011E+00
0.0200    9.395E+02    1.011E+00
0.0250    2.516E+03    1.011E+00
0.0300    5.305E+03    1.011E+00
0.0400    1.558E+04    1.011E+00
0.0500    3.325E+04    1.011E+00
0.0600    5.900E+04    1.011E+00
0.0700    9.298E+04    1.011E+00
0.0800    1.350E+05    1.011E+00
0.0900    1.847E+05    1.011E+00
0.1000    2.418E+05    1.011E+00
0.1100    3.056E+05    1.011E+00
0.1200    3.758E+05    1.011E+00
0.1300    4.518E+05    1.011E+00
0.1400    5.334E+05    1.011E+00
0.1500    6.199E+05    1.011E+00
0.1600    7.111E+05    1.011E+00
0.1800    9.061E+05    1.011E+00
0.2000    1.116E+06    1.011E+00
0.2500    1.691E+06    1.011E+00
0.3000    2.321E+06    1.011E+00
0.3500    2.988E+06    1.011E+00
0.4000    3.681E+06    1.011E+00
0.4500    4.391E+06    1.011E+00
0.5000    5.113E+06    1.011E+00
0.6000    6.573E+06    1.011E+00
0.7000    8.036E+06    1.011E+00
0.8000    9.489E+06    1.011E+00
0.9000    1.092E+07    1.011E+00
1.0000    1.233E+07    1.011E+00
1.2500    1.572E+07    1.011E+00
1.5000    1.893E+07    1.011E+00
1.7500    2.194E+07    1.011E+00
2.0000    2.477E+07    1.011E+00
2.5000    2.976E+07    1.013E+00
3.0000    3.440E+07    1.014E+00
3.5000    3.863E+07    1.014E+00
4.0000    4.251E+07    1.015E+00
5.0000    4.946E+07    1.016E+00
6.0000    5.552E+07    1.017E+00
7.0000    6.077E+07    1.018E+00
8.0000    6.529E+07    1.018E+00
9.0000    6.912E+07    1.018E+00
10.0000    7.228E+07    1.019E+00