# PRIMAT v0.2.2, 23 June 2023 
# Moscoso et al. ApJ  923 (2021) 49 Table 4 for T9=<4
# arXiv:2109.00049
# Coc et al. PRD 92 (2015) 123526 for T9 > 4
# arXiv:1511.03843
0.0010    1.454E-11    1.039E+00
0.0020    2.007E-08    1.038E+00
0.0030    6.495E-07    1.038E+00
0.0040    5.741E-06    1.037E+00
0.0050    2.685E-05    1.037E+00
0.0060    8.666E-05    1.037E+00
0.0070    2.202E-04    1.036E+00
0.0080    4.743E-04    1.036E+00
0.0090    9.058E-04    1.036E+00
0.0100    1.580E-03    1.035E+00
0.0110    2.566E-03    1.035E+00
0.0120    3.941E-03    1.035E+00
0.0130    5.780E-03    1.035E+00
0.0140    8.161E-03    1.034E+00
0.0150    1.116E-02    1.034E+00
0.0160    1.486E-02    1.034E+00
0.0180    2.463E-02    1.033E+00
0.0200    3.805E-02    1.033E+00
0.0250    9.078E-02    1.032E+00
0.0300    1.760E-01    1.031E+00
0.0400    4.612E-01    1.030E+00
0.0500    9.154E-01    1.028E+00
0.0600    1.545E+00    1.027E+00
0.0700    2.350E+00    1.027E+00
0.0800    3.325E+00    1.026E+00
0.0900    4.462E+00    1.025E+00
0.1000    5.755E+00    1.025E+00
0.1100    7.196E+00    1.024E+00
0.1200    8.776E+00    1.024E+00
0.1300    1.049E+01    1.024E+00
0.1400    1.233E+01    1.023E+00
0.1500    1.429E+01    1.023E+00
0.1600    1.636E+01    1.023E+00
0.1800    2.081E+01    1.022E+00
0.2000    2.566E+01    1.022E+00
0.2500    3.927E+01    1.022E+00
0.3000    5.467E+01    1.021E+00
0.3500    7.155E+01    1.021E+00
0.4000    8.968E+01    1.021E+00
0.4500    1.089E+02    1.021E+00
0.5000    1.290E+02    1.021E+00
0.6000    1.716E+02    1.022E+00
0.7000    2.168E+02    1.022E+00
0.8000    2.642E+02    1.022E+00
0.9000    3.133E+02    1.022E+00
1.0000    3.640E+02    1.022E+00
1.2500    4.961E+02    1.023E+00
1.5000    6.344E+02    1.023E+00
1.7500    7.773E+02    1.023E+00
2.0000    9.236E+02    1.024E+00
2.5000    1.221E+03    1.024E+00
3.0000    1.516E+03    1.024E+00
3.5000    1.796E+03    1.024E+00
4.0000    2.050E+03    1.025E+00
5.000    2.9050E+03    1.0403E+00
6.000    3.5570E+03    1.0420E+00
7.000    4.1936E+03    1.0438E+00
8.000    4.8119E+03    1.0455E+00
9.000    5.4103E+03    1.0471E+00
10.000    5.9883E+03    1.0485E+00