# PRIMAT v0.2.2, 23 June 2023
# Iliadis et al., ApJ 831 (2016) 107
# arXiv:1608.05853
0.0010    1.178E-47    1.024E+00
0.0020    2.300E-36    1.024E+00
0.0030    6.811E-31    1.024E+00
0.0040    1.911E-27    1.024E+00
0.0050    5.391E-25    1.024E+00
0.0060    3.975E-23    1.024E+00
0.0070    1.230E-21    1.024E+00
0.0080    2.083E-20    1.024E+00
0.0090    2.273E-19    1.024E+00
0.0100    1.778E-18    1.024E+00
0.0110    1.073E-17    1.024E+00
0.0120    5.266E-17    1.024E+00
0.0130    2.182E-16    1.024E+00
0.0140    7.859E-16    1.024E+00
0.0150    2.517E-15    1.024E+00
0.0160    7.291E-15    1.024E+00
0.0180    4.782E-14    1.024E+00
0.0200    2.413E-13    1.024E+00
0.0250    6.141E-12    1.024E+00
0.0300    7.209E-11    1.024E+00
0.0400    2.582E-09    1.024E+00
0.0500    3.258E-08    1.024E+00
0.0600    2.238E-07    1.024E+00
0.0700    1.038E-06    1.024E+00
0.0800    3.666E-06    1.024E+00
0.0900    1.062E-05    1.024E+00
0.1000    2.648E-05    1.024E+00
0.1100    5.876E-05    1.024E+00
0.1200    1.187E-04    1.024E+00
0.1300    2.224E-04    1.024E+00
0.1400    3.913E-04    1.024E+00
0.1500    6.530E-04    1.024E+00
0.1600    1.042E-03    1.024E+00
0.1800    2.376E-03    1.024E+00
0.2000    4.818E-03    1.024E+00
0.2500    1.968E-02    1.024E+00
0.3000    5.698E-02    1.024E+00
0.3500    1.322E-01    1.024E+00
0.4000    2.631E-01    1.024E+00
0.4500    4.687E-01    1.024E+00
0.5000    7.677E-01    1.024E+00
0.6000    1.717E+00    1.024E+00
0.7000    3.239E+00    1.024E+00
0.8000    5.435E+00    1.024E+00
0.9000    8.380E+00    1.024E+00
1.0000    1.213E+01    1.024E+00
1.2500    2.519E+01    1.024E+00
1.5000    4.360E+01    1.024E+00
1.7500    6.717E+01    1.024E+00
2.0000    9.539E+01    1.024E+00
2.5000    1.705E+02    1.035E+00
3.0000    2.585E+02    1.035E+00
3.5000    3.602E+02    1.035E+00
4.0000    4.742E+02    1.035E+00
5.0000    7.351E+02    1.035E+00
6.0000    1.035E+03    1.035E+00
7.0000    1.370E+03    1.035E+00
8.0000    1.738E+03    1.035E+00
9.0000    2.135E+03    1.035E+00
10.0000    2.558E+03    1.035E+00