# PRIMAT v0.2.2, 23 June 2023
# de Souza et al., ApJ  872 (2019) 75 
# arXiv:1809.06966
1.00E-03     3.496E-19     1.017E+00                        
2.00E-03     6.035E-13     1.017E+00                        
3.00E-03     6.248E-10     1.016E+00                        
4.00E-03     4.926E-08     1.016E+00                        
5.00E-03     1.093E-06     1.016E+00                        
6.00E-03     1.158E-05     1.016E+00                        
7.00E-03     7.600E-05     1.016E+00                        
8.00E-03     3.581E-04     1.016E+00                        
9.00E-03     1.325E-03     1.016E+00                        
1.00E-02     4.085E-03     1.016E+00                        
1.10E-02     1.092E-02     1.016E+00                        
1.20E-02     2.604E-02     1.016E+00                        
1.30E-02     5.661E-02     1.016E+00                        
1.40E-02     1.140E-01     1.016E+00                        
1.50E-02     2.151E-01     1.016E+00                        
1.60E-02     3.845E-01     1.016E+00                        
1.80E-02     1.073E+00     1.016E+00                        
2.00E-02     2.593E+00     1.016E+00                        
2.50E-02     1.515E+01     1.016E+00                        
3.00E-02     5.802E+01     1.015E+00                        
4.00E-02     4.089E+02     1.015E+00                        
5.00E-02     1.635E+03     1.015E+00                        
6.00E-02     4.703E+03     1.015E+00                        
7.00E-02     1.093E+04     1.014E+00                        
8.00E-02     2.194E+04     1.014E+00                        
9.00E-02     3.956E+04     1.014E+00                        
1.00E-01     6.578E+04     1.014E+00                        
1.10E-01     1.027E+05     1.013E+00                        
1.20E-01     1.526E+05     1.013E+00                        
1.30E-01     2.176E+05     1.013E+00                        
1.40E-01     3.000E+05     1.013E+00                        
1.50E-01     4.019E+05     1.013E+00                        
1.60E-01     5.255E+05     1.012E+00                        
1.80E-01     8.462E+05     1.012E+00                        
2.00E-01     1.278E+06     1.012E+00                        
2.50E-01     2.926E+06     1.011E+00                        
3.00E-01     5.493E+06     1.011E+00                        
3.50E-01     9.021E+06     1.011E+00                        
4.00E-01     1.345E+07     1.011E+00                        
4.50E-01     1.865E+07     1.011E+00                        
5.00E-01     2.448E+07     1.011E+00                        
6.00E-01     3.735E+07     1.011E+00                        
7.00E-01     5.086E+07     1.012E+00                        
8.00E-01     6.413E+07     1.012E+00                        
9.00E-01     7.662E+07     1.012E+00                        
1.00E+00     8.799E+07     1.012E+00                        
1.25E+00     1.097E+08     1.022E+00                        
1.50E+00     1.269E+08     1.022E+00                        
1.75E+00     1.389E+08     1.022E+00                        
2.00E+00     1.471E+08     1.022E+00                        
2.50E+00     1.562E+08     1.023E+00                        
3.00E+00     1.595E+08     1.023E+00                        
3.50E+00     1.599E+08     1.024E+00                        
4.00E+00     1.587E+08     1.025E+00                        
5.00E+00     1.543E+08     1.026E+00                        
6.00E+00     1.492E+08     1.028E+00                        
7.00E+00     1.440E+08     1.029E+00                        
8.00E+00     1.392E+08     1.030E+00                        
9.00E+00     1.346E+08     1.032E+00                        
1.00E+01     1.304E+08     1.033E+00       