# PRIMAT v0.2.2, 23 June 2023
# Descouvemont et al., Atomic Data and Nuclear Data Tables 88 (2004), 203
# arXiv:astro-ph/0407101
0.001    6.7993E+08    1.0134E+00
0.002    6.7606E+08    1.0133E+00
0.003    6.7292E+08    1.0131E+00
0.004    6.7022E+08    1.0130E+00
0.005    6.6783E+08    1.0129E+00
0.006    6.6566E+08    1.0129E+00
0.007    6.6366E+08    1.0128E+00
0.008    6.6180E+08    1.0127E+00
0.009    6.6006E+08    1.0127E+00
0.010    6.5840E+08    1.0126E+00
0.011    6.5683E+08    1.0125E+00
0.012    6.5533E+08    1.0125E+00
0.013    6.5390E+08    1.0124E+00
0.014    6.5252E+08    1.0124E+00
0.015    6.5119E+08    1.0124E+00
0.016    6.4991E+08    1.0123E+00
0.018    6.4745E+08    1.0122E+00
0.020    6.4514E+08    1.0122E+00
0.025    6.3984E+08    1.0120E+00
0.030    6.3508E+08    1.0119E+00
0.040    6.2670E+08    1.0117E+00
0.050    6.1941E+08    1.0116E+00
0.060    6.1290E+08    1.0115E+00
0.070    6.0700E+08    1.0115E+00
0.080    6.0157E+08    1.0115E+00
0.090    5.9654E+08    1.0114E+00
0.100    5.9185E+08    1.0114E+00
0.110    5.8745E+08    1.0115E+00
0.120    5.8331E+08    1.0115E+00
0.130    5.7938E+08    1.0115E+00
0.140    5.7567E+08    1.0115E+00
0.150    5.7213E+08    1.0115E+00
0.160    5.6875E+08    1.0115E+00
0.180    5.6244E+08    1.0116E+00
0.200    5.5664E+08    1.0116E+00
0.250    5.4397E+08    1.0118E+00
0.300    5.3338E+08    1.0119E+00
0.350    5.2443E+08    1.0121E+00
0.400    5.1684E+08    1.0123E+00
0.450    5.1039E+08    1.0125E+00
0.500    5.0493E+08    1.0127E+00
0.600    4.9648E+08    1.0132E+00
0.700    4.9069E+08    1.0138E+00
0.800    4.8694E+08    1.0144E+00
0.900    4.8480E+08    1.0150E+00
1.000    4.8390E+08    1.0156E+00
1.250    4.8553E+08    1.0169E+00
1.500    4.9078E+08    1.0179E+00
1.750    4.9826E+08    1.0188E+00
2.000    5.0716E+08    1.0194E+00
2.500    5.2740E+08    1.0203E+00
3.000    5.4903E+08    1.0206E+00
3.500    5.7064E+08    1.0208E+00
4.000    5.9142E+08    1.0208E+00
5.000    6.2883E+08    1.0206E+00
6.000    6.5977E+08    1.0204E+00
7.000    6.8438E+08    1.0202E+00
8.000    7.0341E+08    1.0202E+00
9.000    7.1774E+08    1.0202E+00
10.000    7.2819E+08    1.0202E+00