# PRIMAT v0.2.2, 23 June 2023
# Descouvemont et al., Atomic Data and Nuclear Data Tables 88 (2004), 203
# arXiv:astro-ph/0407101
0.001    1.2546E-26    1.0510E+00
0.002    3.0970E-19    1.0508E+00
0.003    1.1673E-15    1.0506E+00
0.004    2.0801E-13    1.0504E+00
0.005    8.2459E-12    1.0503E+00
0.006    1.3593E-10    1.0501E+00
0.007    1.2702E-09    1.0500E+00
0.008    8.0076E-09    1.0499E+00
0.009    3.7895E-08    1.0497E+00
0.010    1.4433E-07    1.0496E+00
0.011    4.6410E-07    1.0495E+00
0.012    1.3036E-06    1.0494E+00
0.013    3.2796E-06    1.0493E+00
0.014    7.5316E-06    1.0492E+00
0.015    1.6021E-05    1.0491E+00
0.016    3.1928E-05    1.0490E+00
0.018    1.0802E-04    1.0488E+00
0.020    3.0811E-04    1.0486E+00
0.025    2.5033E-03    1.0482E+00
0.030    1.2308E-02    1.0477E+00
0.040    1.2419E-01    1.0470E+00
0.050    6.3762E-01    1.0463E+00
0.060    2.2089E+00    1.0456E+00
0.070    5.9354E+00    1.0449E+00
0.080    1.3378E+01    1.0443E+00
0.090    2.6533E+01    1.0437E+00
0.100    4.7775E+01    1.0431E+00
0.110    7.9783E+01    1.0426E+00
0.120    1.2546E+02    1.0421E+00
0.130    1.8790E+02    1.0415E+00
0.140    2.7026E+02    1.0410E+00
0.150    3.7575E+02    1.0405E+00
0.160    5.0757E+02    1.0401E+00
0.180    8.6285E+02    1.0392E+00
0.200    1.3604E+03    1.0383E+00
0.250    3.3697E+03    1.0363E+00
0.300    6.6955E+03    1.0346E+00
0.350    1.1543E+04    1.0331E+00
0.400    1.8043E+04    1.0317E+00
0.450    2.6266E+04    1.0306E+00
0.500    3.6240E+04    1.0296E+00
0.600    6.1398E+04    1.0280E+00
0.700    9.3252E+04    1.0269E+00
0.800    1.3137E+05    1.0261E+00
0.900    1.7525E+05    1.0255E+00
1.000    2.2441E+05    1.0252E+00
1.250    3.6746E+05    1.0249E+00
1.500    5.3473E+05    1.0252E+00
1.750    7.2207E+05    1.0256E+00
2.000    9.2703E+05    1.0261E+00
2.500    1.3875E+06    1.0268E+00
3.000    1.9272E+06    1.0269E+00
3.500    2.5848E+06    1.0260E+00
4.000    3.3963E+06    1.0245E+00
5.000    5.3802E+06    1.0214E+00
6.000    7.6689E+06    1.0191E+00
7.000    1.0063E+07    1.0175E+00
8.000    1.2390E+07    1.0164E+00
9.000    1.4539E+07    1.0158E+00
10.000    1.6452E+07    1.0154E+00