# PRIMAT v0.2.2, 23 June 2023 
# Ando et al. PRC 74 (2006) 025809 A. Coc 12/09/06 -> 20/07/07 
# arXiv:nucl-th/0511074
0.001    4.4140E+04    1.0045E+00
0.002    4.4065E+04    1.0045E+00
0.003    4.3990E+04    1.0045E+00
0.004    4.3916E+04    1.0045E+00
0.005    4.3842E+04    1.0045E+00
0.006    4.3769E+04    1.0045E+00
0.007    4.3696E+04    1.0045E+00
0.008    4.3624E+04    1.0045E+00
0.009    4.3552E+04    1.0045E+00
0.010    4.3481E+04    1.0045E+00
0.011    4.3410E+04    1.0045E+00
0.012    4.3340E+04    1.0045E+00
0.013    4.3270E+04    1.0045E+00
0.014    4.3200E+04    1.0045E+00
0.015    4.3131E+04    1.0045E+00
0.016    4.3062E+04    1.0045E+00
0.018    4.2926E+04    1.0045E+00
0.020    4.2792E+04    1.0045E+00
0.025    4.2463E+04    1.0045E+00
0.030    4.2143E+04    1.0045E+00
0.040    4.1531E+04    1.0045E+00
0.050    4.0953E+04    1.0046E+00
0.060    4.0405E+04    1.0046E+00
0.070    3.9886E+04    1.0046E+00
0.080    3.9391E+04    1.0046E+00
0.090    3.8921E+04    1.0046E+00
0.100    3.8472E+04    1.0046E+00
0.110    3.8044E+04    1.0046E+00
0.120    3.7635E+04    1.0046E+00
0.130    3.7243E+04    1.0046E+00
0.140    3.6868E+04    1.0046E+00
0.150    3.6508E+04    1.0046E+00
0.160    3.6162E+04    1.0046E+00
0.180    3.5511E+04    1.0046E+00
0.200    3.4908E+04    1.0046E+00
0.250    3.3579E+04    1.0045E+00
0.300    3.2458E+04    1.0045E+00
0.350    3.1502E+04    1.0045E+00
0.400    3.0681E+04    1.0045E+00
0.450    2.9969E+04    1.0044E+00
0.500    2.9351E+04    1.0044E+00
0.600    2.8338E+04    1.0044E+00
0.700    2.7560E+04    1.0044E+00
0.800    2.6962E+04    1.0044E+00
0.900    2.6504E+04    1.0044E+00
1.000    2.6158E+04    1.0044E+00
1.250    2.5657E+04    1.0045E+00
1.500    2.5517E+04    1.0046E+00
1.750    2.5615E+04    1.0048E+00
2.000    2.5873E+04    1.0049E+00
2.500    2.6696E+04    1.0053E+00
3.000    2.7756E+04    1.0056E+00
3.500    2.8937E+04    1.0058E+00
4.000    3.0176E+04    1.0061E+00
5.000    3.2699E+04    1.0064E+00
6.000    3.5177E+04    1.0067E+00
7.000    3.7553E+04    1.0069E+00
8.000    3.9810E+04    1.0071E+00
9.000    4.1943E+04    1.0072E+00
10.000    4.3957E+04    1.0074E+00