# PRIMAT v0.2.2, 23 June 2023
# Descouvemont et al., Atomic Data and Nuclear Data Tables 88 (2004), 203
# arXiv:astro-ph/0407101
0.001    6.2654E-28    1.0492E+00
0.002    6.8579E-21    1.0492E+00
0.003    1.7379E-17    1.0491E+00
0.004    2.4076E-15    1.0491E+00
0.005    7.9718E-14    1.0491E+00
0.006    1.1448E-12    1.0491E+00
0.007    9.5767E-12    1.0491E+00
0.008    5.5085E-11    1.0491E+00
0.009    2.4116E-10    1.0491E+00
0.010    8.5873E-10    1.0490E+00
0.011    2.6029E-09    1.0490E+00
0.012    6.9369E-09    1.0490E+00
0.013    1.6648E-08    1.0490E+00
0.014    3.6635E-08    1.0490E+00
0.015    7.4950E-08    1.0490E+00
0.016    1.4413E-07    1.0490E+00
0.018    4.5757E-07    1.0489E+00
0.020    1.2351E-06    1.0489E+00
0.025    8.9724E-06    1.0489E+00
0.030    4.0446E-05    1.0488E+00
0.040    3.5851E-04    1.0487E+00
0.050    1.6737E-03    1.0485E+00
0.060    5.3804E-03    1.0484E+00
0.070    1.3597E-02    1.0483E+00
0.080    2.9091E-02    1.0482E+00
0.090    5.5148E-02    1.0481E+00
0.100    9.5411E-02    1.0480E+00
0.110    1.5374E-01    1.0479E+00
0.120    2.3404E-01    1.0478E+00
0.130    3.4027E-01    1.0477E+00
0.140    4.7618E-01    1.0476E+00
0.150    6.4542E-01    1.0475E+00
0.160    8.5141E-01    1.0474E+00
0.180    1.3861E+00    1.0472E+00
0.200    2.1023E+00    1.0470E+00
0.250    4.7953E+00    1.0465E+00
0.300    8.9017E+00    1.0461E+00
0.350    1.4480E+01    1.0457E+00
0.400    2.1509E+01    1.0453E+00
0.450    2.9922E+01    1.0449E+00
0.500    3.9625E+01    1.0446E+00
0.600    6.2478E+01    1.0440E+00
0.700    8.9225E+01    1.0435E+00
0.800    1.1910E+02    1.0431E+00
0.900    1.5145E+02    1.0428E+00
1.000    1.8576E+02    1.0425E+00
1.250    2.7755E+02    1.0420E+00
1.500    3.7472E+02    1.0419E+00
1.750    4.7494E+02    1.0422E+00
2.000    5.7704E+02    1.0428E+00
2.500    7.8536E+02    1.0450E+00
3.000    9.9960E+02    1.0487E+00
3.500    1.2221E+03    1.0537E+00
4.000    1.4560E+03    1.0600E+00
5.000    1.9733E+03    1.0763E+00
6.000    2.5848E+03    1.0970E+00
7.000    3.3306E+03    1.1216E+00
8.000    4.2615E+03    1.1491E+00
9.000    5.4441E+03    1.1786E+00
10.000    6.9683E+03    1.2089E+00