# PRIMAT v0.2.2, 23 June 2023 
# de Souza, Reece Boston, Coc, and Iliadis, PRC C 99, 014619 (2019)
# arXiv:1901.04857
1.00E-03     1.998E-07     1.006E+00                        
2.00E-03     1.445E-03     1.006E+00                        
3.00E-03     1.046E-01     1.006E+00                        
4.00E-03     1.539E+00     1.006E+00                        
5.00E-03     1.034E+01     1.006E+00                        
6.00E-03     4.405E+01     1.006E+00                        
7.00E-03     1.397E+02     1.006E+00                        
8.00E-03     3.614E+02     1.006E+00                        
9.00E-03     8.060E+02     1.006E+00                        
1.00E-02     1.606E+03     1.006E+00                        
1.10E-02     2.934E+03     1.006E+00                        
1.20E-02     4.998E+03     1.005E+00                        
1.30E-02     8.044E+03     1.005E+00                        
1.40E-02     1.235E+04     1.005E+00                        
1.50E-02     1.824E+04     1.005E+00                        
1.60E-02     2.604E+04     1.005E+00                        
1.80E-02     4.891E+04     1.005E+00                        
2.00E-02     8.416E+04     1.005E+00                        
2.50E-02     2.499E+05     1.005E+00                        
3.00E-02     5.743E+05     1.005E+00                        
4.00E-02     1.942E+06     1.005E+00                        
5.00E-02     4.638E+06     1.005E+00                        
6.00E-02     9.013E+06     1.004E+00                        
7.00E-02     1.527E+07     1.004E+00                        
8.00E-02     2.348E+07     1.004E+00                        
9.00E-02     3.356E+07     1.004E+00                        
1.00E-01     4.536E+07     1.004E+00                        
1.10E-01     5.866E+07     1.003E+00                        
1.20E-01     7.320E+07     1.003E+00                        
1.30E-01     8.873E+07     1.003E+00                        
1.40E-01     1.050E+08     1.003E+00                        
1.50E-01     1.218E+08     1.003E+00                        
1.60E-01     1.388E+08     1.003E+00                        
1.80E-01     1.732E+08     1.003E+00                        
2.00E-01     2.069E+08     1.003E+00                        
2.50E-01     2.843E+08     1.002E+00                        
3.00E-01     3.483E+08     1.002E+00                        
3.50E-01     3.988E+08     1.002E+00                        
4.00E-01     4.375E+08     1.002E+00                        
4.50E-01     4.663E+08     1.002E+00                        
5.00E-01     4.873E+08     1.003E+00                        
6.00E-01     5.119E+08     1.003E+00                        
7.00E-01     5.210E+08     1.003E+00                        
8.00E-01     5.206E+08     1.003E+00                        
9.00E-01     5.145E+08     1.003E+00                        
1.00E+00     5.051E+08     1.003E+00                        
1.25E+00     4.628E+08     1.006E+00                        
1.50E+00     4.332E+08     1.007E+00                        
1.75E+00     4.055E+08     1.008E+00                        
2.00E+00     3.806E+08     1.008E+00                        
2.50E+00     3.389E+08     1.010E+00                        
3.00E+00     3.062E+08     1.011E+00                        
3.50E+00     2.803E+08     1.013E+00                        
4.00E+00     2.593E+08     1.014E+00                        
5.00E+00     2.275E+08     1.017E+00                        
6.00E+00     2.043E+08     1.019E+00                        
7.00E+00     1.871E+08     1.022E+00                        
8.00E+00     1.742E+08     1.024E+00                        
9.00E+00     1.642E+08     1.026E+00                        
1.00E+01     1.561E+08     1.027E+00 