# PRIMAT v0.2.2, 23 June 2023 
# Serpico et al. JCAP 12 (2004) 010
# arXiv:astro-ph/0408076
0.0010   3.564E-11   1.200E+00
0.0020   6.662E-08   1.200E+00
0.0030   2.495E-06   1.200E+00
0.0040   2.417E-05   1.200E+00
0.0050   1.206E-04   1.200E+00
0.0060   4.088E-04   1.200E+00
0.0070   1.080E-03   1.200E+00
0.0080   2.401E-03   1.200E+00
0.0090   4.708E-03   1.200E+00
0.0100   8.395E-03   1.200E+00
0.0110   1.391E-02   1.200E+00
0.0120   2.171E-02   1.200E+00
0.0130   3.232E-02   1.200E+00
0.0140   4.624E-02   1.200E+00
0.0150   6.399E-02   1.200E+00
0.0160   8.608E-02   1.200E+00
0.0180   1.453E-01   1.200E+00
0.0200   2.279E-01   1.200E+00
0.0250   5.595E-01   1.200E+00
0.0300   1.107E+00   1.200E+00
0.0400   2.978E+00   1.200E+00
0.0500   6.005E+00   1.200E+00
0.0600   1.024E+01   1.200E+00
0.0700   1.569E+01   1.200E+00
0.0800   2.231E+01   1.200E+00
0.0900   3.005E+01   1.200E+00
0.1000   3.886E+01   1.200E+00
0.1100   4.868E+01   1.200E+00
0.1200   5.945E+01   1.200E+00
0.1300   7.113E+01   1.200E+00
0.1400   8.367E+01   1.200E+00
0.1500   9.701E+01   1.200E+00
0.1600   1.111E+02   1.200E+00
0.1800   1.415E+02   1.200E+00
0.2000   1.746E+02   1.200E+00
0.2500   2.674E+02   1.200E+00
0.3000   3.726E+02   1.200E+00
0.3500   4.885E+02   1.200E+00
0.4000   6.135E+02   1.200E+00
0.4500   7.468E+02   1.200E+00
0.5000   8.873E+02   1.200E+00
0.6000   1.188E+03   1.200E+00
0.7000   1.512E+03   1.200E+00
0.8000   1.857E+03   1.200E+00
0.9000   2.220E+03   1.200E+00
1.0000   2.599E+03   1.200E+00
1.2500   3.615E+03   1.200E+00
1.5000   4.713E+03   1.200E+00
1.7500   5.884E+03   1.200E+00
2.0000   7.120E+03   1.200E+00
2.5000   9.763E+03   1.200E+00
3.0000   1.261E+04   1.200E+00
3.5000   1.562E+04   1.200E+00
4.0000   1.879E+04   1.200E+00
5.0000   2.553E+04   1.200E+00
6.0000   3.274E+04   1.200E+00
7.0000   4.034E+04   1.200E+00
8.0000   4.828E+04   1.200E+00
9.0000   5.654E+04   1.200E+00
10.0000   6.507E+04   1.200E+00